x y z
1.0000 0.0000 1
0.9914 0.1305 1
0.9659 0.2588 1
0.9239 0.3827 1
0.8660 0.5000 1
0.7934 0.6088 1
0.7071 0.7071 1
0.6088 0.7934 1
0.5000 0.8660 1
0.3827 0.9239 1
0.2588 0.9659 1
0.1305 0.9914 1
0.0000 1.0000 1
-0.1305 0.9914 1
-0.2588 0.9659 1
-0.3827 0.9239 1
-0.5000 0.8660 1
-0.6088 0.7934 1
-0.7071 0.7071 1
-0.7934 0.6088 1
-0.8660 0.5000 1
-0.9239 0.3827 1
-0.9659 0.2588 1
-0.9914 0.1305 1
-1.0000 0.0000 1
-0.9914 -0.1305 1
-0.9659 -0.2588 1
-0.9239 -0.3827 1
-0.8660 -0.5000 1
-0.7934 -0.6088 1
-0.7071 -0.7071 1
-0.6088 -0.7934 1
-0.5000 -0.8660 1
-0.3827 -0.9239 1
-0.2588 -0.9659 1
-0.1305 -0.9914 1
-0.0000 -1.0000 1
0.1305 -0.9914 1
0.2588 -0.9659 1
0.3827 -0.9239 1
0.5000 -0.8660 1
0.6088 -0.7934 1
0.7071 -0.7071 1
0.7934 -0.6088 1
0.8660 -0.5000 1
0.9239 -0.3827 1
0.9659 -0.2588 1
0.9914 -0.1305 1
1.0000 -0.0000 1

2.0000 0.0000 4
1.9829 0.2611 4
1.9319 0.5176 4
1.8478 0.7654 4
1.7321 1.0000 4
1.5867 1.2175 4
1.4142 1.4142 4
1.2175 1.5867 4
1.0000 1.7321 4
0.7654 1.8478 4
0.5176 1.9319 4
0.2611 1.9829 4
0.0000 2.0000 4
-0.2611 1.9829 4
-0.5176 1.9319 4
-0.7654 1.8478 4
-1.0000 1.7321 4
-1.2175 1.5867 4
-1.4142 1.4142 4
-1.5867 1.2175 4
-1.7321 1.0000 4
-1.8478 0.7654 4
-1.9319 0.5176 4
-1.9829 0.2611 4
-2.0000 0.0000 4
-1.9829 -0.2611 4
-1.9319 -0.5176 4
-1.8478 -0.7654 4
-1.7321 -1.0000 4
-1.5867 -1.2175 4
-1.4142 -1.4142 4
-1.2175 -1.5867 4
-1.0000 -1.7321 4
-0.7654 -1.8478 4
-0.5176 -1.9319 4
-0.2611 -1.9829 4
-0.0000 -2.0000 4
0.2611 -1.9829 4
0.5176 -1.9319 4
0.7654 -1.8478 4
1.0000 -1.7321 4
1.2175 -1.5867 4
1.4142 -1.4142 4
1.5867 -1.2175 4
1.7321 -1.0000 4
1.8478 -0.7654 4
1.9319 -0.5176 4
1.9829 -0.2611 4
2.0000 -0.0000 4

3.0000 0.0000 9
2.9743 0.3916 9
2.8978 0.7765 9
2.7716 1.1481 9
2.5981 1.5000 9
2.3801 1.8263 9
2.1213 2.1213 9
1.8263 2.3801 9
1.5000 2.5981 9
1.1481 2.7716 9
0.7765 2.8978 9
0.3916 2.9743 9
0.0000 3.0000 9
-0.3916 2.9743 9
-0.7765 2.8978 9
-1.1481 2.7716 9
-1.5000 2.5981 9
-1.8263 2.3801 9
-2.1213 2.1213 9
-2.3801 1.8263 9
-2.5981 1.5000 9
-2.7716 1.1481 9
-2.8978 0.7765 9
-2.9743 0.3916 9
-3.0000 0.0000 9
-2.9743 -0.3916 9
-2.8978 -0.7765 9
-2.7716 -1.1481 9
-2.5981 -1.5000 9
-2.3801 -1.8263 9
-2.1213 -2.1213 9
-1.8263 -2.3801 9
-1.5000 -2.5981 9
-1.1481 -2.7716 9
-0.7765 -2.8978 9
-0.3916 -2.9743 9
-0.0000 -3.0000 9
0.3916 -2.9743 9
0.7765 -2.8978 9
1.1481 -2.7716 9
1.5000 -2.5981 9
1.8263 -2.3801 9
2.1213 -2.1213 9
2.3801 -1.8263 9
2.5981 -1.5000 9
2.7716 -1.1481 9
2.8978 -0.7765 9
2.9743 -0.3916 9
3.0000 -0.0000 9
